0000000000000000000000000000000000000000000000000000000000000000000000000000000000000000000000000000
0111111111111111111000000000000000000000000000000000000000000000000000000000000000000000000000000000
0100000001000000001000000000000000000000000000000000000000000000000000000000000000000000000000000000
0100000001000000001000000000000000000000000000000000000000000000000000000000000000000000000000000000
0100000001000000001000000000000000000000000000000000000000000000000000000000000000000000000000000000
0100000001000000001000000000000000000000000000000000000000000000000000000000000000000000000000000000
0100000001000000001000000000000000000000000000000000000000000000000000000000000000000000000000000000
0100000001000000001000000000000000000000000000000000000000000000000000000000000000000000000000000000
0100000001000000001000000000000000000000000000000000000000000000000000000000000000000000000000000000
0111111111111111111000000000000000000000000000000000000000000000000000000000000000000000000000000000
0100010001000000001000000000000000000000000000000000000000000000000000000000000000000000000000000000
0100010001000000001000000000000000000000000000000000000000000000000000000000000000000000000000000000
0100010001000000001000000000000000000000000000000000000000000000000000000000000000000000000000000000
0100010001000000001000000000000000000000000000000000000000000000000000000000000000000000000000000000
0100011111111111111000000000000000000000000000000000000000000000000000000000000000000000000000000000
0100010000000000001000000000000000000000000000000000000000000000000000000000000000000000000000000000
0100010000000000001111111111110000000000000000000000000000000000000000000000000000000000000000000000
0100010000000000001000000000000000000000000000000000000000000000000000000000000000000000000000000000
0111111111111111111000000000000000000000000000000000000000000000000000000000000000000000000000000000
0010000000000000000000000000000000000000000000000000000000000000000000000000000000000000000000000000
0010000000000000000000000000000000000000000000000000000000000000000000000000000000000000000000000000
0111111111111111111000000000000000000000000000000000000000000000000000000000000000000000000000000000
0100000001000000001000000000000000000000000000000000000000000000000000000000000000000000000000000000
0100000001000000001000000000000000000000000000000000000000000000000000000000000000000000000000000000
0100000001000000001000000000000000000000000000000000000000000000000000000000000000000000000000000000
0100000001000000001000000000000000000000000000000000000000000000000000000000000000000000000000000000
0100000001000000001000000000000000000000000000000000000000000000000000000000000000000000000000000000
0100000001000000001000000000000000000000000000000000000000000000000000000000000000000000000000000000
0100000001000000001000000000000000000000000000000000000000000000000000000000000000000000000000000000
0111111111111111111000000000000000000000000000000000000000000000000000000000000000000000000000000000
0100010001000000001000000000000000000000000000000000000000000000000000000000000000000000000000000000
0100010001000000001000000000000000000000000000000000000000000000000000000000000000000000000000000000
0100010001000000001000000000000000000000000000000000000000000000000000000000000000000000000000000000
0100010001000000001000000000000000000000000000000000000000000000000000000000000000000000000000000000
0100011111111111111000000000000000000000000000000000000000000000000000000000000000000000000000000000
0100010000000000001000000000000000000000000000000000000000000000000000000000000000000000000000000000
0100010000000000001000000000000000000000000000000000000000000000000000000000000000000000000000000000
0100010000000000001000000000000000000000000000000000000000000000000000000000000000000000000000000000
0111111111111111111000000000000000000000000000000000000000000000000000000000000000000000000000000000
0000000000000000100000000000000000000000000000000000000000000000000000000000000000000000000000000000
0000000000000000100000000000000000000000000000000000000000000000000000000000000000000000000000000000
0111111111111111111000000000000000000000000000000000000000000000000000000000000000000000000000000000
0100000001000000001000000000000000000000000000000000000000000000000000000000000000000000000000000000
0100000001000000001000000000000000000000000000000000000000000000000000000000000000000000000000000000
0100000001000000001000000000000000000000000000000000000000000000000000000000000000000000000000000000
0100000001000000001000000000000000000000000000000000000000000000000000000000000000000000000000000000
0100000001000000001000000000000000000000000000000000000000000000000000000000000000000000000000000000
0100000001000000001000000000000000000000000000000000000000000000000000000000000000000000000000000000
0100000001000000001000000000000000000000000000000000000000000000000000000000000000000000000000000000
0111111111111111111000000000000000000000000000000000000000000000000000000000000000000000000000000000
0100010001000000001000000000000000000000000000000000000000000000000000000000000000000000000000000000
0100010001000000001000000000000000000000000000000000000000000000000000000000000000000000000000000000
0100010001000000001000000000000000000000000000000000000000000000000000000000000000000000000000000000
0100010001000000001000000000000000000000000000000000000000000000000000000000000000000000000000000000
0100011111111111111000000000000000000000000000000000000000000000000000000000000000000000000000000000
0100010000000000001000000000000000000000000000000000000000000000000000000000000000000000000000000000
0100010000000000001000000000000000000000000000000000000000000000000000000000000000000000000000000000
0100010000000000001000000000000000000000000000000000000000000000000000000000000000000000000000000000
0111111111111111111000000000000000000000000000000000000000000000000000000000000000000000000000000000
0000001000000000000000000000000000000000000000000000000000000000000000000000000000000000000000000000
0000001000000000000000000000000000000000000000000000000000000000000000000000000000000000000000000000
0111111111111111111000000000000000000000000000000000000000000000000000000000000000000000000000000000
0100000001000000001000000000000000000000000000000000000000000000000000000000000000000000000000000000
0100000001000000001000000000000000000000000000000000000000000000000000000000000000000000000000000000
0100000001000000001000000000000000000000000000000000000000000000000000000000000000000000000000000000
0100000001000000001000000000000000000000000000000000000000000000000000000000000000000000000000000000
0100000001000000001000000000000000000000000000000000000000000000000000000000000000000000000000000000
0100000001000000001000000000000000000000000000000000000000000000000000000000000000000000000000000000
0100000001000000001000000000000000000000000000000000000000000000000000000000000000000000000000000000
0111111111111111111000000000000000000000000000000000000000000000000000000000000000000000000000000000
0100010001000000001000000000000000000000000000000000000000000000000000000000000000000000000000000000
0100010001000000001000000000000000000000000000000000000000000000000000000000000000000000000000000000
0100010001000000001000000000000000000000000000000000000000000000000000000000000000000000000000000000
0100010001000000001000000000000000000000000000000000000000000000000000000000000000000000000000000000
0100011111111111111000000000000000000000000000000000000000000000000000000000000000000000000000000000
0100010000000000001000000000000000000000000000000000000000000000000000000000000000000000000000000000
0100010000000000001000000000000000000000000000000000000000000000000000000000000000000000000000000000
0100010000000000001000000000000000000000000000000000000000000000000000000000000000000000000000000000
0111111111111111111000000000000000000000000000000000000000000000000000000000000000000000000000000000
0000000000000000100000000000000000000000000000000000000000000000000000000000000000000000000000000000
0000000000000000100000000000000000000000000000000000000000000000000000000000000000000000000000000000
0111111111111111111000000000000000000000000000000000000000000000000000000000000000000000000000000000
0100000001000000001000000000000000000000000000000000000000000000000000000000000000000000000000000000
0100000001000000001000000000000000000000000000000000000000000000000000000000000000000000000000000000
0100000001000000001000000000000000000000000000000000000000000000000000000000000000000000000000000000
0100000001000000001000000000000000000000000000000000000000000000000000000000000000000000000000000000
0100000001000000001000000000000000000000000000000000000000000000000000000000000000000000000000000000
0100000001000000001000000000000000000000000000000000000000000000000000000000000000000000000000000000
0100000001000000001000000000000000000000000000000000000000000000000000000000000000000000000000000000
0111111111111111111000000000000000000000000000000000000000000000000000000000000000000000000000000000
0100010001000000001000000000000000000000000000000000000000000000000000000000000000000000000000000000
0100010001000000001000000000000000000000000000000000000000000000000000000000000000000000000000000000
0100010001000000001000000000000000000000000000000000000000000000000000000000000000000000000000000000
0100010001000000001000000000000000000000000000000000000000000000000000000000000000000000000000000000
0100011111111111111000000000000000000000000000000000000000000000000000000000000000000000000000000000
0100010000000000001000000000000000000000000000000000000000000000000000000000000000000000000000000000
0100010000000000001000000000000000000000000000000000000000000000000000000000000000000000000000000000
0100010000000000001000000000000000000000000000000000000000000000000000000000000000000000000000000000
0111111111111111111000000000000000000000000000000000000000000000000000000000000000000000000000000000
0000000000000000000000000000000000000000000000000000000000000000000000000000000000000000000000000000