0000000000000000000000000000000000000000000000000000000000000000000000000000000000000000000000000000
0000000000000000000000000000000000000000000000000000000000000000000000000000000000000000000000000000
0000000000000000000000000000000000000000000000000000000000000000000000000000000000000000000000000000
0000000000000000000000000000000000000000000000000000000000000000000000000000000000000000000000000000
0000000000000000000000000000000000000000000000000000000000000000000000000000000000000000000000000000
0000000000000000000000000000000000000000000000000000000000000000000000000000000000000000000000000000
0000000000000000000000000000000000000000000000000000000000000000000000000000000000000000000000000000
0000000000000000000000000000000000000000000000000000000000000000000000000000000000000000000000000000
0000000000000000000000000000000000000000000000000000000000000000000000000000000000000000000000000000
0000000000000000000000000000000000000000000000000000000000000000000000000000000000000000000000000000
0000000000000000000000000000000000000000000000000000000000000000000000000000000000000000000000000000
0000000000000000000000000000000000000000000000000000000000000000000000000000000000000000000000000000
0000000000000000000000000000000000000000000000000000000000000000000000000000000000000000000000000000
0000000000000000000000000000000000000000000000000000000000000000000000000000000000000000000000000000
0000000000000000000000000000000000000000000000000000000000000000000000000000000000000000000000000000
0000000000000000000000000000000000000000000000000000000000000000000000000000000000000000000000000000
0000000000000000000000000000000000000000000000000000000000000000000000000000000000000000000000000000
0000000000000000000000000000000000000000000000000000000000000000000000000000000000000000000000000000
0000000000000000000000000000000000000000000000000000000000000000000000000000000000000000000000000000
0000000000000000000000000000000000000000000000000000000000000000000000000000000000000000000000000000
0000000000000000000000000000000000000000000000000000000000000000000000000000000000000000000000000000
0000000000000000000000000000000000000000000000000000000000000000000000000000000000000000000000000000
0000000000000000000000000000000000000000000000000000000000000000000000000000000000000000000000000000
0000000000000000000000000000000000000000000000000000000000000000000000000000000000000000000000000000
0000000000000000000000000000000000000000000000000000000000000000000000000000000000000000000000000000
0000000000000000000000000000000000000000000000000000000000000000000000000000000000000000000000000000
0000000000000000000000000000000000000000000000000000000000000000000000000000000000000000000000000000
0000000000000000000000000000000000000000000000000000000000000000000000000000000000000000000000000000
0000000000000000000000000000000000000000000000000000000000000000000000000000000000000000000000000000
0000000111111111111111111111111000000000000000000000000000000000000000000000000000000000000000000000
0000000100000100001000001000001000000000000000000000000000000000000000000000000000000000000000000000
0000000100000100001000001000001000000000000000000000000000000000000000000000000000000000000000000000
0000000100000100001000001000001000000000000000000000000000000000000000000000000000000000000000000000
0000000100000100001000001000001000000000000000000000000000000000000000000000000000000000000000000000
0000000100000100001000001000001000000000000000000000000000000000000000000000000000000000000000000000
0000000100000100001000001000001000000000000000000000000000000000000000000000000000000000000000000000
0000000100000100001111111111111000000000000000000000000000000000000000000000000000000000000000000000
0000000100000100001000000000001000000000000000000000000000000000000000000000000000000000000000000000
0000000111111100001000000000001000000000000000000000000000000000000000000000000000000000000000000000
0000000100000000001000000000001000000000000000000000000000000000000000000000000000000000000000000000
0000000100000000001000000000001000000000000000000000000000000000000000000000000000000000000000000000
0000000100000000001000000000001000000000000000000000000000000000000000000000000000000000000000000000
0000000100000000001000000000001000000000000000000000000000000000000000000000000000000000000000000000
0000000100000000001000000000001000000000000000000000000000000000000000000000000000000000000000000000
0000000100000000001000000000001000000000000000000000000000000000000000000000000000000000000000000000
0000000111111111111111111111111000000000000000000000000000000000000000000000000000000000000000000000
0000000100000000000000000000001000000000000000000000000000000000000000000000000000000000000000000000
0000000100000000000000000000001000000000000000000000000000000000000000000000000000000000000000000000
0000000100000000000000000000001000000000000000000000000000000000000000000000000000000000000000000000
0000000111111111111100011111111111111111111111111000000000000000000000000000000000000000000000000000
0000000100000000000100010000000100000000100000001000000000000000000000000000000000000000000000000000
0000000100000000000111110000000100000000100000001000000000000000000000000000000000000000000000000000
0000000100000000000100010000000100000000100000001000000000000000000000000000000000000000000000000000
0000000100000000000100010000000100000000100000001000000000000000000000000000000000000000000000000000
0000000100000000000100011111111100000000111111001000000000000000000000000000000000000000000000000000
0000000100000000000100010000000100000000100001001000000000000000000000000000000000000000000000000000
0000000100000000000100010000000100000000100001001000000000000000000000000000000000000000000000000000
0000000100000000000100010000000111111111100001001000000000000000000000000000000000000000000000000000
0000000111111111111100010000000100000010000001111000000000000000000000000000000000000000000000000000
0000000100000100000100011111111100000010000001000000000000000000000000000000000000000000000000000000
0000000100000100000100010000000100000010000001000000000000000000000000000000000000000000000000000000
0000000100000100000100010000000100000010000001000000000000000000000000000000000000000000000000000000
0000000100000100000111110000000100000010000001000000000000000000000000000000000000000000000000000000
0000000100000100000100010000000100000010000001000000000000000000000000000000000000000000000000000000
0000000100000100000100011111111100000011111111000000000000000000000000000000000000000000000000000000
0000000100000100000100000001000100000010000100000000000000000000000000000000000000000000000000000000
0000000100000100000100000001000100000010000100000000000000000000000000000000000000000000000000000000
0000000100000100000100000001000100000010000100000000000000000000000000000000000000000000000000000000
0000000100000100000100000001000100000010000100000000000000000000000000000000000000000000000000000000
0000000100000111111100000001000111111110000100000000000000000000000000000000000000000000000000000000
0000000100000100000100000001000000000010000100000000000000000000000000000000000000000000000000000000
0000000100000100000100000001000000000010000100000000000000000000000000000000000000000000000000000000
0000000100000100000100000001000000000010000100000000000000000000000000000000000000000000000000000000
0000000100000100000100000001000000000010000100000000000000000000000000000000000000000000000000000000
0000000100000100000100000001111111111110000100000000000000000000000000000000000000000000000000000000
0000000100000100000100000000000000100000000100000000000000000000000000000000000000000000000000000000
0000000100000000000100000000000000100000000100000000000000000000000000000000000000000000000000000000
0000000100000000000100000000000000100000000100000000000000000000000000000000000000000000000000000000
0000000100000000000100000000000000100000000100000000000000000000000000000000000000000000000000000000
0000000111111111111111111111111111111111111100000000000000000000000000000000000000000000000000000000
0000000000000000000000000000000000000000000000000000000000000000000000000000000000000000000000000000
0000000000000000000000000000000000000000000000000000000000000000000000000000000000000000000000000000
0000000000000000000000000000000000000000000000000000000000000000000000000000000000000000000000000000
0000000000000000000000000000000000000000000000000000000000000000000000000000000000000000000000000000
0000000000000000000000000000000000000000000000000000000000000000000000000000000000000000000000000000
0000000000000000000000000000000000000000000000000000000000000000000000000000000000000000000000000000
0000000000000000000000000000000000000000000000000000000000000000000000000000000000000000000000000000
0000000000000000000000000000000000000000000000000000000000000000000000000000000000000000000000000000
0000000000000000000000000000000000000000000000000000000000000000000000000000000000000000000000000000
0000000000000000000000000000000000000000000000000000000000000000000000000000000000000000000000000000
0000000000000000000000000000000000000000000000000000000000000000000000000000000000000000000000000000
0000000000000000000000000000000000000000000000000000000000000000000000000000000000000000000000000000
0000000000000000000000000000000000000000000000000000000000000000000000000000000000000000000000000000
0000000000000000000000000000000000000000000000000000000000000000000000000000000000000000000000000000
0000000000000000000000000000000000000000000000000000000000000000000000000000000000000000000000000000
0000000000000000000000000000000000000000000000000000000000000000000000000000000000000000000000000000
0000000000000000000000000000000000000000000000000000000000000000000000000000000000000000000000000000
0000000000000000000000000000000000000000000000000000000000000000000000000000000000000000000000000000
0000000000000000000000000000000000000000000000000000000000000000000000000000000000000000000000000000
0000000000000000000000000000000000000000000000000000000000000000000000000000000000000000000000000000
